X 3326.033936, 199.984970, 11047.009766, 2.869848, 0.000000, 0.000000, CIV_WATER
X -4976.281250, 200.132919, -13716.318359, -0.074390, 0.000000, 0.000000, CIV_WATER
X 270.014587, 200.035370, -12363.099609, -2.029554, 0.000000, 0.000000, CIV_WATER
X -619.796326, 200.019012, 11231.513672, 0.523576, 0.000000, 0.000000, CIV_WATER
X -7879.087402, 200.048828, 2684.587891, -1.496366, 0.000000, 0.000000, CIV_WATER
X -2660.663574, 200.133713, 4677.501465, -1.581475, 0.000000, 0.000000, CIV_WATER
X -5114.004883, 200.038818, 12213.025391, -1.288834, 0.000000, 0.000000, CIV_WATER
X -7014.908203, 200.082535, -11173.337891, 1.871059, 0.000000, 0.000000, CIV_WATER
X 6641.048828, 200.057358, 4868.224609, -2.188474, -0.000000, 0.000000, CIV_WATER
X 2046.556396, 199.983978, -7669.403809, 1.617383, 0.000000, 0.000000, CIV_WATER
X -313.591797, 200.032761, 5627.319824, 0.567817, 0.000000, 0.000000, CIV_WATER
X -12917.104492, 200.039246, 8330.908203, 2.736454, 0.000000, 0.000000, CIV_WATER
X 2985.782715, 200.139542, 10081.293945, 2.853655, 0.000000, 0.000000, CIV_WATER
X 7083.764648, 200.022141, 9797.701172, 0.469361, 0.000000, 0.000000, CIV_WATER
X -1689.039429, 200.124069, 9254.262695, 1.137399, 0.000000, 0.000000, CIV_WATER
X -13700.381836, 200.047073, 4688.495605, 1.323223, 0.000000, 0.000000, CIV_WATER
X -7885.349609, 200.083740, 7679.459473, -0.762226, 0.000000, 0.000000, CIV_WATER
X 741.886597, 200.012543, 1897.578735, 2.849012, 0.000000, 0.000000, CIV_WATER
X 10261.429688, 199.988831, 12467.419922, -1.182053, 0.000000, 0.000000, CIV_WATER
X 14011.215820, 199.993515, 2400.796631, -1.567078, 0.000000, 0.000000, CIV_WATER
X 11035.507812, 200.029861, -1584.350952, 1.576751, 0.000000, 0.000000, CIV_WATER
X -4777.118652, 199.959122, -5289.199707, -2.901666, -0.000000, 0.000000, CIV_WATER
X 2350.730469, 200.010864, 4455.260742, 1.353182, 0.000000, 0.000000, CIV_WATER
X -7271.777832, 199.962708, -6370.004883, 1.620613, 0.000000, 0.000000, CIV_WATER
X 2327.103271, 199.998245, 6979.074219, -0.400878, 0.000000, 0.000000, CIV_WATER
X 645.922607, 200.054977, -2273.067139, 2.558239, 0.000000, 0.000000, CIV_WATER
X 10007.028320, 200.001389, -11036.987305, -0.092380, 0.000000, 0.000000, CIV_WATER
X -1356.383301, 200.049133, -13461.675781, -0.989022, 0.000000, 0.000000, CIV_WATER
X -7974.905762, 200.039078, -2229.258057, 2.109634, 0.000000, 0.000000, CIV_WATER
X -5860.757812, 199.968201, 9756.697266, -1.113333, 0.000000, 0.000000, CIV_WATER
X 11550.659180, 200.124451, -4113.447266, -1.750907, 0.000000, 0.000000, CIV_WATER
X 5425.853516, 200.054916, 9783.221680, -1.472885, 0.000000, 0.000000, CIV_WATER
X -4832.271973, 200.108795, 2886.098145, -0.812490, 0.000000, 0.000000, CIV_WATER
X -2300.632812, 200.016663, 13105.560547, -0.989924, 0.000000, 0.000000, CIV_WATER
X -12738.283203, 219.029724, 15034.162109, 0.606139, 0.000000, 0.000000, CIV_GROUND
X -11168.022461, 228.140686, 15282.709961, 2.926680, 0.000000, 0.000000, CIV_GROUND
X 1585.830444, 245.822449, -39.942307, 0.310609, 0.000000, 0.000000, CIV_GROUND
X 2191.385498, 249.021133, -8001.564453, -1.109525, 0.000000, 0.000000, CIV_GROUND
X -13883.677734, 228.344772, 14805.425781, 0.752701, 0.000000, 0.000000, CIV_GROUND
X -12752.125000, 218.831375, 15059.769531, 1.591654, 0.000000, 0.000000, CIV_GROUND
X -9207.122070, 264.753998, 9128.897461, 1.271369, 0.000000, 0.000000, CIV_GROUND
X -12483.551758, 201.990112, 13508.049805, 0.697181, 0.000000, 0.000000, CIV_GROUND
X -8814.501953, 232.221161, 7936.066895, 2.903457, 0.000000, 0.000000, CIV_GROUND
X -4738.246582, 245.695847, 3321.766357, -1.846424, 0.000000, 0.000000, CIV_GROUND
X -12505.643555, 218.869949, 15068.498047, -1.617914, 0.000000, 0.000000, CIV_GROUND
X -9992.212891, 270.737549, 7953.374023, 0.688388, 0.000000, 0.000000, CIV_GROUND
X -12788.623047, 218.867661, 14979.190430, 0.638517, 0.000000, 0.000000, CIV_GROUND
X -12723.375977, 218.868683, 15269.333984, 2.610157, 0.000000, 0.000000, CIV_GROUND
X -8188.235352, 217.664093, 6375.628906, -0.305636, 0.000000, 0.000000, CIV_GROUND
X 1847.180908, 301.590546, -10.590549, -1.006399, 0.000000, 0.000000, CIV_GROUND
X -2172.002197, 895.157959, -7674.296875, -2.848176, -0.000000, 0.000000, CIV_GROUND
X 4867.636230, 1496.722778, -4149.013672, -2.413321, -0.000000, 0.000000, CIV_GROUND
X 9377.695312, 287.255768, -10650.127930, 0.098522, 0.000000, 0.000000, CIV_GROUND
X -6357.396484, 273.004059, -9505.866211, 2.212710, 0.000000, 0.000000, CIV_GROUND
X 1071.968994, 225.455093, 5252.577637, -1.739891, 0.000000, 0.000000, CIV_GROUND
X 5354.941895, 1240.633301, -4167.139160, 0.060069, 0.000000, 0.000000, CIV_GROUND
X -7101.225586, 207.998779, -3676.905029, -1.673374, 0.000000, 0.000000, CIV_GROUND
X -12711.218750, 218.830994, 15022.711914, -0.326558, 0.000000, 0.000000, CIV_GROUND
X -5983.020020, 364.073578, 4520.368652, 0.542938, 0.000000, 0.000000, CIV_GROUND
X 8460.414062, 213.933014, 4236.424805, -1.324848, 0.000000, 0.000000, CIV_GROUND
X -12725.050781, 218.831451, 15181.011719, 1.649299, 0.000000, 0.000000, CIV_GROUND
X -1014.588318, 228.493027, 6485.710938, -1.044010, 0.000000, 0.000000, CIV_GROUND
X -8126.848145, 236.398865, -829.196106, -1.071226, 0.000000, 0.000000, CIV_GROUND
X 10937.235352, 262.481567, -6038.592773, 1.131139, 0.000000, 0.000000, CIV_GROUND
X 11322.148438, 257.814941, -9053.571289, 1.204631, 0.000000, 0.000000, CIV_GROUND
X -4311.479004, 259.395050, -5470.922852, 1.387512, 0.000000, 0.000000, CIV_GROUND
X -12044.760742, 339.805725, 15014.043945, -1.681867, 0.000000, 0.000000, CIV_GROUND
X -11203.319336, 228.140686, 15326.695312, -1.648715, 0.000000, 0.000000, CIV_GROUND
X 2210.388428, 497.975159, -9303.103516, -0.018250, 0.000000, 0.000000, CIV_GROUND
X -11912.259766, 205.782150, 6324.613770, 3.122456, 0.000000, 0.000000, CIV_GROUND
X 658.658203, 265.737946, 6793.452148, 2.773468, 0.000000, 0.000000, CIV_GROUND
X -9856.125977, 208.650711, 4981.351562, -1.241795, 0.000000, 0.000000, CIV_GROUND
X -5632.688477, 366.984467, 3385.378662, 0.223030, 0.000000, 0.000000, CIV_GROUND
X -10322.220703, 449.201111, 9647.438477, 0.712984, 0.000000, 0.000000, CIV_GROUND
X 1921.957397, 228.877182, 3062.083740, -0.758742, 0.000000, 0.000000, CIV_GROUND
X -14038.922852, 202.969727, 15025.603516, -0.642826, 0.000000, 0.000000, CIV_GROUND
X -11694.142578, 300.416687, 14411.866211, 1.823628, 0.000000, 0.000000, CIV_GROUND
X -11214.793945, 409.359039, 8491.653320, -1.595453, 0.000000, 0.000000, CIV_GROUND
X 6117.499023, 210.280563, 5136.870117, -1.393831, 0.000000, 0.000000, CIV_GROUND
X -12592.921875, 218.831451, 15059.773438, -0.281388, 0.000000, 0.000000, CIV_GROUND
X -14296.583008, 320.221924, 13488.311523, -2.502355, -0.000000, 0.000000, CIV_GROUND
X 2518.701416, 244.350449, 4888.581055, -1.443340, 0.000000, 0.000000, CIV_GROUND
X -7212.966309, 315.550049, 5569.552246, 1.885063, 0.000000, 0.000000, CIV_GROUND
X -11451.132812, 591.395386, 3150.712891, -2.884669, -0.000000, 0.000000, CIV_GROUND
X 187.232513, 205.481033, -12531.761719, 0.785294, 0.000000, 0.000000, CIV_GROUND
X -10587.329102, 239.822998, -529.743652, -1.601099, 0.000000, 0.000000, CIV_GROUND
X -12745.800781, 211.903290, 8251.138672, 1.347865, 0.000000, 0.000000, CIV_GROUND
X -12701.639648, 219.030258, 15198.138672, 2.794929, 0.000000, 0.000000, CIV_GROUND
X -10144.291016, 203.156433, -2568.352539, -2.659462, -0.000000, 0.000000, CIV_GROUND
X -7101.024902, 207.998779, -3603.073486, -1.699299, 0.000000, 0.000000, CIV_GROUND
X -5403.354980, 436.016144, 8486.389648, -1.922198, 0.000000, 0.000000, CIV_GROUND
X -9958.446289, 603.317383, 3407.474854, -0.251982, 0.000000, 0.000000, CIV_GROUND
X 7849.107422, 208.447662, -12573.251953, 2.334589, 0.000000, 0.000000, CIV_GROUND
X -12475.858398, 372.092682, 5403.534668, 1.218963, 0.000000, 0.000000, CIV_GROUND
X -2701.664062, 206.488129, 8717.837891, 1.233029, 0.000000, 0.000000, CIV_GROUND
X 2690.863037, 1006.708923, -5193.539062, 3.104947, 0.000000, 0.000000, CIV_GROUND
X 890.572998, 263.455994, 10229.695312, -1.757493, 0.000000, 0.000000, CIV_GROUND
X 5269.026855, 238.514603, 5283.633301, -1.648715, 0.000000, 0.000000, CIV_GROUND
X 1015.451660, 200.718643, -1796.522705, -1.721113, 0.000000, 0.000000, CIV_GROUND
X -4542.246094, 255.701538, -13226.235352, -2.509877, -0.000000, 0.000000, CIV_GROUND
X 11392.770508, 366.054962, 2394.795898, -1.374093, 0.000000, 0.000000, CIV_GROUND
X -7070.929199, 227.872131, 1907.685669, 1.858767, 0.000000, 0.000000, CIV_GROUND
X 1231.912231, 205.447464, -1057.213867, 3.130544, 0.000000, 0.000000, CIV_GROUND
X -5464.829102, 204.239792, 12129.350586, 2.547927, 0.000000, 0.000000, CIV_GROUND
X 1292.689819, 233.276886, 9640.856445, -0.330363, 0.000000, 0.000000, CIV_GROUND
X -2522.469482, 260.249542, -5427.258789, 2.256384, 0.000000, 0.000000, CIV_GROUND
X -2980.042236, 223.352768, 13518.393555, 1.661885, 0.000000, 0.000000, CIV_GROUND
X -5327.782715, 218.774078, -5745.764648, -2.740264, -0.000000, 0.000000, CIV_GROUND
X -2141.903320, 206.423416, -4889.349121, 0.617404, 0.000000, 0.000000, CIV_GROUND
X -4429.108398, 384.341248, -12088.036133, -1.560154, 0.000000, 0.000000, CIV_GROUND
X -1797.089600, 229.517044, 7208.407227, 1.360277, 0.000000, 0.000000, CIV_GROUND
X -6639.571777, 219.886902, -9874.962891, -2.666673, -0.000000, 0.000000, CIV_GROUND
X -8856.612305, 265.235382, -3465.969482, 0.846001, 0.000000, 0.000000, CIV_GROUND
X -11937.312500, 209.143600, 13932.503906, -1.639032, 0.000000, 0.000000, CIV_GROUND
X -10796.873047, 211.142105, 14615.659180, -3.082092, -0.000000, 0.000000, CIV_GROUND
X -13195.917969, 219.950195, 6099.387207, -2.073707, 0.000000, 0.000000, CIV_GROUND
X 9339.800781, 213.438141, 1106.009888, -1.795767, 0.000000, 0.000000, CIV_GROUND
X -12578.188477, 219.030594, 15084.687500, -1.575669, 0.000000, 0.000000, CIV_GROUND
X 10803.552734, 283.933746, -9585.638672, -2.801538, -0.000000, 0.000000, CIV_GROUND
X -12408.989258, 201.310226, 13926.638672, -0.156106, 0.000000, 0.000000, CIV_GROUND
X 1422.014038, 277.589844, 5822.956543, -1.796943, 0.000000, 0.000000, CIV_GROUND
X -3990.257568, 222.401489, -5135.404785, -2.140869, -0.000000, 0.000000, CIV_GROUND
X -6383.330078, 317.004364, 3131.388916, -0.269958, 0.000000, 0.000000, CIV_GROUND
X -2922.677490, 220.656128, 9871.941406, 2.423414, 0.000000, 0.000000, CIV_GROUND
X -12672.541992, 218.834869, 15197.458984, -2.587948, -0.000000, 0.000000, CIV_GROUND
X -12580.951172, 218.831238, 15113.616211, -2.436644, -0.000000, 0.000000, CIV_GROUND
X 3471.555420, 493.779266, 2074.115479, 0.184959, 0.000000, 0.000000, CIV_GROUND
X -12256.577148, 610.939148, 4566.521484, -2.108892, -0.000000, 0.000000, MIL_PLANE
X 4445.468750, 208.402374, -10553.970703, -2.191940, -0.000000, 0.000000, MIL_PLANE
X -2772.112793, 458.261963, -11954.420898, -1.002499, 0.000000, 0.000000, MIL_PLANE
X -4521.801270, 405.417877, -11658.385742, 0.520165, 0.000000, 0.000000, MIL_PLANE
X -4593.199707, 405.416626, -11583.338867, 0.570011, 0.000000, 0.000000, MIL_PLANE
X 4072.016602, 334.645630, 3814.401611, -1.931932, 0.000000, 0.000000, MIL_PLANE
X -4782.426758, 537.145813, 5437.830566, -2.255956, -0.000000, 0.000000, MIL_PLANE
X 6332.587402, 1399.777832, -1902.867065, -1.755247, 0.000000, 0.000000, MIL_PLANE
X 4457.109375, 208.402374, -10578.637695, -2.224291, -0.000000, 0.000000, MIL_PLANE
X 12009.366211, 206.454559, -10627.989258, -0.042851, 0.000000, 0.000000, MIL_PLANE
X 10256.804688, 392.720795, 13163.813477, -1.256618, 0.000000, 0.000000, MIL_PLANE
X -4499.740723, 405.417877, -11658.764648, 0.605212, 0.000000, 0.000000, MIL_PLANE
X 11879.375000, 206.454559, -10629.282227, -0.321888, 0.000000, 0.000000, MIL_PLANE
X -6964.756348, 206.219604, -10624.253906, -0.774669, 0.000000, 0.000000, MIL_PLANE
X 3098.944092, 203.421082, 9997.384766, -2.590858, -0.000000, 0.000000, MIL_PLANE
X -6942.634277, 206.219009, -10610.516602, -0.972037, 0.000000, 0.000000, MIL_PLANE
X 4390.078613, 208.402374, -10427.573242, -2.102482, -0.000000, 0.000000, MIL_PLANE
X 599.013489, 1160.638550, -6775.974609, -2.982973, -0.000000, 0.000000, MIL_PLANE
X 6998.887695, 203.000000, -11705.315430, 1.454915, 0.000000, 0.000000, MIL_PLANE
X -5303.979004, 218.982697, 2898.384033, 0.654965, 0.000000, 0.000000, MIL_PLANE
X -9789.761719, 344.048126, 9540.968750, -1.089874, 0.000000, 0.000000, MIL_PLANE
X -6293.406250, 212.620544, 12849.946289, 2.789312, 0.000000, 0.000000, MIL_PLANE
X 10425.522461, 219.966446, -5070.830566, -0.253397, 0.000000, 0.000000, MIL_PLANE
X 10714.980469, 202.392609, -926.064880, 2.699161, 0.000000, 0.000000, MIL_PLANE
X 9466.176758, 208.466141, 7714.619141, 2.495399, 0.000000, 0.000000, MIL_PLANE
X 11908.678711, 206.454559, -10627.818359, -0.199614, 0.000000, 0.000000, MIL_PLANE
X -4522.335938, 405.416687, -11639.931641, 0.686605, 0.000000, 0.000000, MIL_PLANE
X 5852.358398, 201.044098, 10727.142578, 2.066295, 0.000000, 0.000000, MIL_PLANE
X -4594.445312, 405.417877, -11565.977539, 0.680807, 0.000000, 0.000000, MIL_PLANE
X -4575.485352, 405.417877, -11584.846680, 0.655255, 0.000000, 0.000000, MIL_PLANE
X -4378.357910, 311.972412, -6041.538086, -1.885738, 0.000000, 0.000000, MIL_PLANE
X 1041.574585, 221.460281, 5181.262207, -1.859379, 0.000000, 0.000000, MIL_PLANE
X 9763.959961, 203.500000, -11643.263672, -0.474226, 0.000000, 0.000000, MIL_PLANE
X 2192.292236, 202.068649, 7109.468262, 1.450955, 0.000000, 0.000000, MIL_PLANE
X -5763.044434, 203.164749, 2292.917969, -1.938819, 0.000000, 0.000000, MIL_PLANE
X 936.780945, 298.570251, -4146.132324, 0.581151, 0.000000, 0.000000, MIL_PLANE
X 11980.859375, 206.454559, -10628.648438, -0.259582, 0.000000, 0.000000, MIL_PLANE
X -12329.320312, 610.964355, 4869.536621, -0.786747, 0.000000, 0.000000, MIL_PLANE
X 939.283386, 298.570251, -4163.160645, 0.542114, 0.000000, 0.000000, MIL_PLANE
X -4863.599121, 361.186768, 8052.275391, -2.379946, -0.000000, 0.000000, MIL_PLANE
X 4406.024414, 208.402374, -10434.262695, -1.964905, 0.000000, 0.000000, MIL_PLANE
X -6947.362305, 206.219696, -10627.091797, -0.672816, 0.000000, 0.000000, MIL_PLANE
X 6922.018066, 765.491760, 127.872025, -2.882770, -0.000000, 0.000000, MIL_PLANE
X 4402.066406, 208.402374, -10451.558594, -2.078574, 0.000000, 0.000000, MIL_PLANE
X 4460.909668, 208.402374, -10561.566406, -2.262173, -0.000000, 0.000000, MIL_PLANE
X 629.877808, 255.176926, -11547.026367, -2.656276, -0.000000, 0.000000, MIL_PLANE
X 11894.258789, 206.454559, -10641.557617, -0.211825, 0.000000, 0.000000, MIL_PLANE
X 5992.457520, 251.000656, 7058.161621, -1.822781, 0.000000, 0.000000, MIL_PLANE
X 11995.625977, 206.453964, -10637.823242, -0.280679, 0.000000, 0.000000, MIL_PLANE
X -12209.160156, 610.962219, 4935.351074, -0.633088, 0.000000, 0.000000, MIL_PLANE
X 10897.405273, 236.953873, -8857.436523, -1.676566, 0.000000, 0.000000, MIL_PLANE
X -791.635986, 226.385025, 7789.031738, -1.815277, 0.000000, 0.000000, MIL_PLANE
X -6884.924316, 344.340881, 3307.530762, 1.426289, 0.000000, 0.000000, MIL_PLANE
X 955.943970, 298.570251, -4165.073242, 0.599140, 0.000000, 0.000000, MIL_PLANE
X -9991.875977, 424.063019, 10499.572266, 0.368419, 0.000000, 0.000000, MIL_PLANE
X -2630.050537, 216.636200, 10980.463867, -1.284524, 0.000000, 0.000000, MIL_PLANE
X -6409.799805, 1006.270569, 12171.765625, -2.554641, -0.000000, 0.000000, CIV_HELI
X 11664.642578, 213.957870, -10650.364258, -0.052222, 0.000000, 0.000000, CIV_HELI
X -15195.292969, 257.998840, 6931.638184, -1.767760, 0.000000, 0.000000, CIV_HELI
X 13506.592773, 257.998810, 8385.498047, -1.648310, 0.000000, 0.000000, CIV_HELI
X 11682.779297, 213.957870, -10650.874023, -0.004547, 0.000000, 0.000000, CIV_HELI
X -590.551636, 268.903809, -12180.472656, -1.637155, 0.000000, 0.000000, CIV_HELI
X -3786.951904, 284.791107, 9968.573242, -0.249860, 0.000000, 0.000000, CIV_HELI
X 4313.600586, 215.166641, -10547.361328, 2.529729, 0.000000, 0.000000, CIV_HELI
X -702.002014, 300.984650, 7971.556641, 1.195092, 0.000000, 0.000000, CIV_HELI
X -6437.407227, 216.213379, -3856.890381, 2.369018, 0.000000, 0.000000, CIV_HELI
X 768.866638, 487.415924, -5134.013184, 3.100253, 0.000000, 0.000000, CIV_HELI
X 6447.391113, 576.246216, 14627.022461, -1.421613, 0.000000, 0.000000, CIV_HELI
X -15546.185547, 258.000000, 6123.273438, -1.840516, 0.000000, 0.000000, CIV_HELI
X 2252.895996, 595.212952, 12099.797852, 2.759393, 0.000000, 0.000000, CIV_HELI
X -14125.598633, 367.194946, 13812.234375, 2.855575, 0.000000, 0.000000, CIV_HELI
X 9208.469727, 730.078613, -202.526840, -2.591532, -0.000000, 0.000000, CIV_HELI
X 4329.808594, 215.167847, -10539.961914, 2.614708, 0.000000, 0.000000, CIV_HELI
X 9438.620117, 1154.890503, -4030.871582, -1.531252, 0.000000, 0.000000, CIV_HELI
X -384.126160, 244.747208, -11865.092773, 2.863611, 0.000000, 0.000000, CIV_HELI
X -6387.110840, 1006.272949, 12151.601562, -2.361279, -0.000000, 0.000000, CIV_HELI
X 7211.911621, 319.942413, 12560.537109, 0.813421, 0.000000, 0.000000, CIV_HELI
X 9697.188477, 211.410736, 3955.296875, 0.692896, 0.000000, 0.000000, CIV_HELI
X -539.584839, 268.897675, -11906.244141, -1.717279, 0.000000, 0.000000, CIV_HELI
X -252.597641, 298.542480, 6931.484863, -1.842988, 0.000000, 0.000000, CIV_HELI
X -270.153137, 298.542480, 6929.107422, 1.434617, 0.000000, 0.000000, CIV_HELI
X 10962.433594, 268.072723, -6400.252441, -1.673921, 0.000000, 0.000000, CIV_HELI
X -6243.804199, 216.043137, -3534.390625, 0.671167, 0.000000, 0.000000, CIV_HELI
X -4609.875000, 609.355408, 4435.481934, 2.374137, 0.000000, 0.000000, CIV_HELI
X 9709.042969, 211.406281, 3941.593262, 0.652677, 0.000000, 0.000000, CIV_HELI
X 5931.806641, 270.999969, 10365.911133, -1.426451, 0.000000, 0.000000, CIV_HELI
X 11339.681641, 705.642578, 13157.152344, 2.200722, 0.000000, 0.000000, CIV_HELI
X 5858.495117, 257.287384, 6911.433105, 3.006249, 0.000000, 0.000000, CIV_HELI
X 9159.048828, 967.467346, -6894.789062, -0.436164, 0.000000, 0.000000, CIV_HELI
X -9140.491211, 401.251831, 6956.340820, 2.661255, 0.000000, 0.000000, CIV_HELI
X 10037.098633, 258.000000, -14170.962891, -1.865157, 0.000000, 0.000000, CIV_HELI
X 900.274841, 317.647461, -4255.464844, 2.115153, 0.000000, 0.000000, CIV_HELI
X -2216.222168, 1129.307617, -6845.367676, 0.801706, 0.000000, 0.000000, CIV_HELI
X 9485.831055, 453.750458, 12476.697266, 1.039120, 0.000000, 0.000000, CIV_HELI
X -8094.115234, 1602.579956, 11968.820312, -1.896636, 0.000000, 0.000000, CIV_HELI
X 13136.377930, 258.000000, 4888.095215, -1.814137, 0.000000, 0.000000, CIV_HELI
X 15073.919922, 258.000000, -9054.472656, -1.730971, 0.000000, 0.000000, CIV_HELI
X -13934.558594, 370.559143, 13545.929688, 3.108445, 0.000000, 0.000000, CIV_HELI
X -4860.766113, 258.000000, -1395.760376, -1.680769, 0.000000, 0.000000, CIV_HELI
X 5973.239258, 715.542419, 2382.897217, 1.217028, 0.000000, 0.000000, CIV_HELI
X 279.762604, 481.134003, 6045.263184, 2.075628, 0.000000, 0.000000, CIV_HELI
X 2741.664795, 561.190063, 3007.051758, 0.311999, 0.000000, 0.000000, CIV_HELI
X -4437.491699, 438.225708, -11545.962891, 0.420393, 0.000000, 0.000000, CIV_HELI
X -14095.021484, 358.937561, 13222.563477, 2.897368, 0.000000, 0.000000, CIV_HELI
X 9194.787109, 494.094452, -5262.286133, 2.865601, 0.000000, 0.000000, CIV_HELI
X -6231.087402, 216.039017, -3546.800049, 0.819572, 0.000000, 0.000000, CIV_HELI
X -11999.773438, 616.760803, 4700.646484, -0.618526, 0.000000, 0.000000, CIV_HELI
X 8528.926758, 210.926498, -13118.728516, -1.418273, 0.000000, 0.000000, CIV_HELI
X 14594.838867, 612.636230, 12599.868164, 2.318420, 0.000000, 0.000000, CIV_HELI
X -4419.882812, 438.225647, -11563.953125, 0.659221, 0.000000, 0.000000, CIV_HELI
X -4750.980957, 258.000000, -15341.306641, -1.682554, 0.000000, 0.000000, CIV_HELI
X -13952.692383, 370.553833, 13546.198242, 2.867158, 0.000000, 0.000000, CIV_HELI
X 10963.044922, 268.072723, -6418.267090, -1.573636, 0.000000, 0.000000, CIV_HELI
X -10308.323242, 338.137085, 5164.192871, -1.839811, 0.000000, 0.000000, CIV_HELI
X 13450.160156, 257.998779, -13468.875977, -1.792979, 0.000000, 0.000000, CIV_HELI
X 7902.418945, 501.733063, 11106.532227, 0.448207, 0.000000, 0.000000, CIV_HELI
X 15564.771484, 258.004547, -4288.650391, -1.957830, 0.000000, 0.000000, CIV_HELI
X -7455.798828, 257.998840, -15044.179688, -1.928341, 0.000000, 0.000000, CIV_HELI
X -417.705658, 280.890320, -11814.040039, 1.518002, 0.000000, 0.000000, CIV_HELI
X 9120.707031, 676.542847, 14680.912109, -0.255243, 0.000000, 0.000000, MIL_HELI
X 10062.250977, 228.734344, 14274.735352, -1.811069, 0.000000, 0.000000, MIL_HELI
X -2723.167725, 905.476196, -8678.184570, -2.469097, -0.000000, 0.000000, MIL_HELI
X 7335.570312, 218.746567, -11270.523438, -1.485526, 0.000000, 0.000000, MIL_HELI
X 13580.376953, 216.871643, 3091.508545, 2.327083, 0.000000, 0.000000, MIL_HELI
X 3023.859863, 556.941284, -2061.755127, -2.748461, -0.000000, 0.000000, MIL_HELI
X -10953.025391, 479.361389, 7336.545898, -0.397858, 0.000000, 0.000000, MIL_HELI
X 3162.248291, 1238.815918, -3539.405762, 2.975816, 0.000000, 0.000000, MIL_HELI
X 11173.534180, 314.765961, 13628.136719, 2.678627, 0.000000, 0.000000, MIL_HELI
X -3073.142822, 265.521423, 12857.458984, 2.107965, 0.000000, 0.000000, MIL_HELI
X -4792.839355, 216.792404, 11933.705078, -1.740459, 0.000000, 0.000000, MIL_HELI
X -3434.360352, 217.039505, 9006.448242, -1.783476, 0.000000, 0.000000, MIL_HELI
X 5527.573730, 258.228485, 3394.617188, 2.962354, 0.000000, 0.000000, MIL_HELI
X -10545.046875, 386.490173, 11290.887695, 2.776818, 0.000000, 0.000000, MIL_HELI
X 13774.187500, 224.073746, 10583.163086, -1.815922, 0.000000, 0.000000, MIL_HELI
X -4008.823730, 213.358017, 8846.355469, -0.342435, 0.000000, 0.000000, MIL_HELI
X -6126.726074, 348.810577, 6414.507324, 1.639524, 0.000000, 0.000000, MIL_HELI
X 12310.019531, 616.361328, 14864.787109, -2.888752, -0.000000, 0.000000, MIL_HELI
X -5390.174316, 369.971405, 4927.485840, -1.281477, 0.000000, 0.000000, MIL_HELI
X 10278.673828, 235.442825, 10755.049805, 1.471649, 0.000000, 0.000000, MIL_HELI
X 11626.283203, 245.374298, -9525.774414, -1.027362, 0.000000, 0.000000, MIL_HELI
X -10633.038086, 429.242432, 8598.822266, 1.382634, 0.000000, 0.000000, MIL_HELI
X 4450.448242, 389.549591, 4348.001465, 2.983359, 0.000000, 0.000000, MIL_HELI
X 8341.739258, 1012.987610, -5873.738281, -3.130544, -0.000000, 0.000000, MIL_HELI
X -5835.762695, 243.801727, 2532.126709, -1.932469, 0.000000, 0.000000, MIL_HELI
X -12534.434570, 612.264893, 3639.654541, 0.002594, 0.000000, 0.000000, MIL_HELI
X 7436.517090, 770.906250, 920.109741, -1.916136, 0.000000, 0.000000, MIL_HELI
X -4780.344238, 267.804169, 7727.254883, -1.796355, 0.000000, 0.000000, MIL_HELI
X -5327.123535, 444.296906, -8077.713867, 2.861198, 0.000000, 0.000000, MIL_HELI
X -1250.002686, 1608.350952, -7024.326172, 1.385131, 0.000000, 0.000000, MIL_HELI
X -3332.599854, 217.986496, 2957.162354, -1.035641, 0.000000, 0.000000, MIL_HELI
X 14190.581055, 537.272827, 12520.689453, -2.892163, -0.000000, 0.000000, MIL_HELI
X 3950.469482, 225.128021, 6278.788086, -2.896868, -0.000000, 0.000000, MIL_HELI
X -401.134460, 855.818420, -8879.678711, 2.127276, 0.000000, 0.000000, MIL_HELI
X -96.408966, 1116.573120, -9046.967773, 1.815872, 0.000000, 0.000000, MIL_HELI
X 9224.177734, 210.019882, 1593.564575, 0.941373, 0.000000, 0.000000, MIL_HELI
X 596.915039, 1223.521362, -7384.709473, -2.508503, -0.000000, 0.000000, MIL_HELI
X -3060.323486, 265.520416, 12870.751953, 2.097820, 0.000000, 0.000000, MIL_HELI
X -4009.052246, 213.354279, 8872.700195, 2.982588, 0.000000, 0.000000, MIL_HELI
X 9279.483398, 241.902512, -12916.839844, 0.779583, 0.000000, 0.000000, MIL_HELI
X 9432.293945, 308.457245, 9403.359375, -2.166292, -0.000000, 0.000000, MIL_HELI
X 12407.222656, 902.001160, 11669.705078, 1.163623, 0.000000, 0.000000, MIL_HELI
X 9427.000977, 444.045868, 13748.382812, 0.774867, 0.000000, 0.000000, MIL_HELI
X 1827.884888, 209.754135, 2298.386230, 1.478164, 0.000000, 0.000000, MIL_HELI
X 11805.767578, 214.211227, -5187.591309, 0.732037, 0.000000, 0.000000, MIL_HELI
X -3466.919434, 213.354736, -4939.926270, 2.755397, 0.000000, 0.000000, MIL_HELI
X -3278.322754, 696.059753, -9588.160156, 2.403445, 0.000000, 0.000000, MIL_HELI
X -1886.628174, 219.739014, 9996.976562, 1.279422, 0.000000, 0.000000, MIL_HELI
X -8900.185547, 493.125000, 2868.174316, -2.060766, 0.000000, 0.000000, MIL_HELI
X -8959.824219, 719.494751, 11262.559570, -0.262168, 0.000000, 0.000000, MIL_HELI
X -7903.611816, 215.032364, 5612.686523, 2.900394, 0.000000, 0.000000, MIL_HELI
X 12914.050781, 586.950195, 12976.430664, 3.054590, 0.000000, 0.000000, MIL_HELI
X 13850.382812, 306.691132, 11213.204102, -0.980261, 0.000000, 0.000000, MIL_HELI
X 9217.584961, 210.018356, 1610.174194, 1.133128, 0.000000, 0.000000, MIL_HELI
X -10563.180664, 386.490173, 11290.841797, 3.019538, 0.000000, 0.000000, MIL_HELI
X 12298.446289, 624.103760, 14089.427734, -1.412089, 0.000000, 0.000000, MIL_HELI
X -2934.224121, 265.189392, 6524.166992, -0.227975, 0.000000, 0.000000, MIL_HELI
X -10619.175781, 216.337433, 13145.533203, 2.811978, 0.000000, 0.000000, MIL_HELI
X -9331.326172, 615.028198, 5726.919434, -2.477004, -0.000000, 0.000000, MIL_HELI
X 6041.247070, 1255.191162, -201.279373, -2.942636, -0.000000, 0.000000, MIL_HELI
X 8100.864746, 221.142075, 2272.042725, 2.837110, 0.000000, 0.000000, MIL_HELI
X 11612.910156, 245.374283, -9537.609375, -0.908466, 0.000000, 0.000000, MIL_HELI
X 4688.751953, 1716.443970, -2481.892090, -2.820076, -0.000000, 0.000000, MIL_HELI
X 190.682007, 1404.254639, -6248.151855, -2.284814, -0.000000, 0.000000, MIL_HELI
X 2865.642090, 238.385681, 9335.794922, 2.261887, 0.000000, 0.000000, MIL_HELI
X -6294.735352, 363.487457, 4120.369141, -0.953994, 0.000000, 0.000000, MIL_HELI
X 5317.490234, 1224.214233, 1130.159668, 2.104573, 0.000000, 0.000000, MIL_HELI
X 11202.131836, 267.350800, -7514.161133, 1.474615, 0.000000, 0.000000, MIL_HELI
X -2200.837402, 298.788208, 11452.418945, 1.363419, 0.000000, 0.000000, MIL_HELI
X -5324.771484, 658.093262, 5679.646484, 0.257274, 0.000000, 0.000000, MIL_HELI
X 7039.205078, 1458.929199, -3580.755127, -2.207206, -0.000000, 0.000000, MIL_HELI
X 14073.244141, 204.761948, 10537.324219, -0.025148, 0.000000, 0.000000, MIL_HELI
X 698.724609, 1203.130249, -7422.683105, -1.613762, 0.000000, 0.000000, MIL_HELI
X 3382.080078, 1344.197266, -5645.286133, 1.539395, 0.000000, 0.000000, MIL_HELI
X 3811.422363, 644.769104, 2350.034668, -2.062784, 0.000000, 0.000000, MIL_HELI
X 2762.820557, 417.825500, -7446.420410, -1.801654, 0.000000, 0.000000, MIL_HELI
X -11021.718750, 839.143433, 9224.397461, -2.676636, -0.000000, 0.000000, MIL_GROUND
X 11643.791016, 365.988342, -2152.272949, 2.084248, 0.000000, 0.000000, MIL_GROUND
X 8739.207031, 231.061264, -9127.717773, 2.991280, 0.000000, 0.000000, MIL_GROUND
X 1292.058960, 227.435318, 400.887939, -2.452371, -0.000000, 0.000000, MIL_GROUND
X -3239.665771, 314.783325, 7554.818359, -1.137363, 0.000000, 0.000000, MIL_GROUND
X 7216.739258, 202.929733, -12005.791016, -3.101757, -0.000000, 0.000000, MIL_GROUND
X 12074.292969, 279.751740, 147.583160, 0.896055, 0.000000, 0.000000, MIL_GROUND
X 12045.190430, 342.503723, -1241.898193, 2.462377, 0.000000, 0.000000, MIL_GROUND
X 7418.855957, 1022.607727, -7559.439453, -1.834381, 0.000000, 0.000000, MIL_GROUND
X 7586.487305, 375.421875, 13659.467773, -0.023469, 0.000000, 0.000000, MIL_GROUND
X 10846.561523, 200.982727, -8669.799805, -0.751913, 0.000000, 0.000000, MIL_GROUND
X 7090.203125, 202.926224, -11350.201172, 0.447581, 0.000000, 0.000000, MIL_GROUND
X 6616.065918, 994.665710, 414.209076, -0.341599, 0.000000, 0.000000, MIL_GROUND
X 4734.385254, 487.902710, -6868.307129, -1.486686, 0.000000, 0.000000, MIL_GROUND
X -6165.745605, 230.423676, -11982.103516, 1.195757, 0.000000, 0.000000, MIL_GROUND
X 7311.001953, 240.141388, -12389.881836, -1.377490, 0.000000, 0.000000, MIL_GROUND
X 3828.109375, 209.408707, 10252.270508, 0.922073, 0.000000, 0.000000, MIL_GROUND
X -9278.398438, 227.819016, 9639.016602, -1.981449, 0.000000, 0.000000, MIL_GROUND
X 5449.078613, 320.659210, 12950.794922, 1.385369, 0.000000, 0.000000, MIL_GROUND
X 3845.417480, 898.866394, -6568.357422, -3.100253, -0.000000, 0.000000, MIL_GROUND
X -11864.316406, 390.982544, 8784.585938, -1.560583, 0.000000, 0.000000, MIL_GROUND
X 10640.898438, 435.373047, 3343.549561, -0.099866, 0.000000, 0.000000, MIL_GROUND
X -6610.701660, 342.444855, 5234.524902, -2.239994, -0.000000, 0.000000, MIL_GROUND
X 7826.232910, 254.563522, 8466.139648, -1.915287, 0.000000, 0.000000, MIL_GROUND
X 9213.582031, 221.084366, 4051.460693, 1.421009, 0.000000, 0.000000, MIL_GROUND
X 5714.224121, 239.248291, 7447.750977, 0.280864, 0.000000, 0.000000, MIL_GROUND
X -4333.266113, 410.391418, -7919.454102, 1.927378, 0.000000, 0.000000, MIL_GROUND
X 2321.270508, 352.562195, 9033.791992, 0.117807, 0.000000, 0.000000, MIL_GROUND
X 12532.565430, 260.544006, -6839.093750, -0.611481, 0.000000, 0.000000, MIL_GROUND
X 485.977966, 263.657593, 5149.859375, -1.161213, 0.000000, 0.000000, MIL_GROUND
X -2981.951416, 262.817200, 13857.253906, 2.833708, 0.000000, 0.000000, MIL_GROUND
X 4782.086914, 421.952179, 3147.496338, 0.225548, 0.000000, 0.000000, MIL_GROUND
X -5047.493164, 376.772766, -6671.183594, -0.031862, 0.000000, 0.000000, MIL_GROUND
X 12572.678711, 244.002136, -8543.244141, -1.646559, 0.000000, 0.000000, MIL_GROUND
X 7773.803223, 413.339783, 14795.386719, -0.011902, 0.000000, 0.000000, MIL_GROUND
X 9754.540039, 203.500122, -11598.599609, 2.396623, 0.000000, 0.000000, MIL_GROUND
X -1425.820435, 275.968536, 10456.455078, -2.488323, -0.000000, 0.000000, MIL_GROUND
X -8932.572266, 239.755859, 7470.260254, -1.639882, 0.000000, 0.000000, MIL_GROUND
X 860.198608, 287.458618, 11725.496094, -1.530109, 0.000000, 0.000000, MIL_GROUND
X 4184.630859, 1240.670532, -2941.650146, -2.251480, -0.000000, 0.000000, MIL_GROUND
X 3849.162598, 323.957214, 9394.400391, 1.639122, 0.000000, 0.000000, MIL_GROUND
X 2769.446045, 584.188232, -659.598267, -2.457630, -0.000000, 0.000000, MIL_GROUND
X 5420.665527, 1416.067749, -2080.253906, -0.676503, 0.000000, 0.000000, MIL_GROUND
X -269.526703, 210.190781, -3603.207275, -2.345856, -0.000000, 0.000000, MIL_GROUND
X 7256.935547, 241.366684, -10821.816406, -0.588481, 0.000000, 0.000000, MIL_GROUND
X 6689.391113, 258.064697, 10655.037109, -2.304420, -0.000000, 0.000000, MIL_GROUND
X -8496.187500, 239.889587, 2172.187744, 2.765058, 0.000000, 0.000000, MIL_GROUND
X -7458.672852, 236.768143, -8497.568359, -0.232737, 0.000000, 0.000000, MIL_GROUND
X 856.954956, 220.951233, 4754.087891, -1.530913, 0.000000, 0.000000, MIL_GROUND
X -1566.793213, 527.380310, -11738.576172, 2.154439, 0.000000, 0.000000, MIL_GROUND
X 1847.725464, 216.557724, 10343.820312, -1.026661, 0.000000, 0.000000, MIL_GROUND
X 3015.446045, 679.005066, -10125.534180, -0.846570, 0.000000, 0.000000, MIL_GROUND
X 2724.223389, 207.755997, 9494.500000, 1.400048, 0.000000, 0.000000, MIL_GROUND
X -6949.834473, 229.919373, -9776.053711, -2.005105, 0.000000, 0.000000, MIL_GROUND
X 4703.990723, 1652.519165, -4737.293457, 1.886206, 0.000000, 0.000000, MIL_GROUND
X 9523.574219, 225.596527, -10146.211914, 2.928681, 0.000000, 0.000000, MIL_GROUND
X -4754.126953, 289.371185, -6374.421875, 1.608124, 0.000000, 0.000000, MIL_GROUND
X 14335.097656, 227.236603, 1017.203491, 0.935522, 0.000000, 0.000000, MIL_GROUND
X -13945.958984, 339.760620, 12175.862305, 0.116676, 0.000000, 0.000000, MIL_GROUND
X 3902.084717, 221.124588, 6189.292480, 2.274078, 0.000000, 0.000000, MIL_GROUND
X 1555.430908, 347.856232, -6964.219727, 2.590410, 0.000000, 0.000000, MIL_GROUND
X 11226.596680, 399.805450, 843.582031, -1.520233, 0.000000, 0.000000, MIL_GROUND
X 10956.092773, 251.841278, 2083.347900, 2.859890, 0.000000, 0.000000, MIL_GROUND
X -3247.237061, 204.977509, 8858.973633, -1.834933, 0.000000, 0.000000, MIL_GROUND
X 768.355957, 207.096359, 32.770512, 2.422547, 0.000000, 0.000000, CIV_PLANE
X 12113.630859, 206.881302, -10703.160156, 1.409844, 0.000000, 0.000000, CIV_PLANE
X 11313.285156, 206.880692, -10729.745117, -1.908885, 0.000000, 0.000000, CIV_PLANE
X 528.114014, 298.839569, -3834.518066, -0.860483, 0.000000, 0.000000, CIV_PLANE
X -6833.837891, 208.981903, -3415.356689, 1.805049, 0.000000, 0.000000, CIV_PLANE
X -11897.761719, 610.939148, 4056.727051, 2.362885, 0.000000, 0.000000, CIV_PLANE
X 900.454163, 298.839569, -4251.380371, 2.021830, 0.000000, 0.000000, CIV_PLANE
X -6481.156250, 208.897552, -3111.037354, -1.046052, 0.000000, 0.000000, CIV_PLANE
X 12185.493164, 206.881302, -10116.654297, -0.217749, 0.000000, 0.000000, CIV_PLANE
X -11596.666992, 611.218933, 5181.031250, 0.865522, 0.000000, 0.000000, CIV_PLANE
X -4545.181152, 405.637909, -11731.515625, 2.303669, 0.000000, 0.000000, CIV_PLANE
X 4759.774902, 208.435364, -10574.089844, 0.919961, 0.000000, 0.000000, CIV_PLANE
X 4024.754639, 208.435944, -10891.376953, -2.353611, -0.000000, 0.000000, CIV_PLANE
X 553.344360, 207.058823, -124.130051, -2.480662, -0.000000, 0.000000, CIV_PLANE
X -366.727295, 295.355804, 7118.539062, -2.145586, -0.000000, 0.000000, CIV_PLANE
X -4528.506348, 405.637909, -11715.046875, 2.216190, 0.000000, 0.000000, CIV_PLANE
X 4744.816406, 208.401794, -11112.169922, 2.621193, 0.000000, 0.000000, CIV_PLANE
X -6825.668457, 205.917450, -10629.309570, 0.840850, 0.000000, 0.000000, CIV_PLANE
X 565.686768, 207.067459, -136.491272, -2.467435, -0.000000, 0.000000, CIV_PLANE
X 12156.923828, 206.881302, -10116.695312, -0.094947, 0.000000, 0.000000, CIV_PLANE
X 6058.863281, 251.000656, 6300.831055, 2.850903, 0.000000, 0.000000, CIV_PLANE
X 11313.240234, 206.881302, -10700.541016, -1.800033, 0.000000, 0.000000, CIV_PLANE
X -11786.164062, 611.099976, 4116.422363, 2.419862, 0.000000, 0.000000, CIV_PLANE
X 5685.800293, 264.178284, 10357.272461, -2.402938, -0.000000, 0.000000, CIV_PLANE
X 4036.582031, 208.435944, -10917.702148, -2.037850, 0.000000, 0.000000, CIV_PLANE
X 5868.507812, 264.178284, 10463.408203, 0.555366, 0.000000, 0.000000, CIV_PLANE
X -6547.541016, 1050.335327, 11993.949219, 0.785426, 0.000000, 0.000000, CIV_PLANE
X 507.202148, 298.839569, -3854.036621, -1.124820, 0.000000, 0.000000, CIV_PLANE
X -5092.357422, 405.637909, -11147.248047, -0.887700, 0.000000, 0.000000, CIV_PLANE
X -156.534439, 295.353851, 7150.431641, 1.072646, 0.000000, 0.000000, CIV_PLANE
X 9978.081055, 204.776825, 4091.709473, 0.734260, 0.000000, 0.000000, CIV_PLANE
X 4770.939941, 208.401779, -11100.997070, 2.696249, 0.000000, 0.000000, CIV_PLANE
X -358.201874, 295.357178, 7059.235352, -1.785031, 0.000000, 0.000000, CIV_PLANE
X -7125.683594, 205.917435, -10823.679688, -2.554325, -0.000000, 0.000000, CIV_PLANE
X 12159.227539, 206.881302, -10916.853516, 2.929833, 0.000000, 0.000000, CIV_PLANE
X 12183.001953, 206.881302, -10917.408203, 3.021049, 0.000000, 0.000000, CIV_PLANE
X 6030.464844, 251.000656, 6300.521484, 2.777660, 0.000000, 0.000000, CIV_PLANE
X 739.588928, 206.974823, 24.469606, 0.767358, 0.000000, 0.000000, CIV_PLANE
X -146.904755, 295.357178, 7090.778320, 1.002186, 0.000000, 0.000000, CIV_PLANE
X 4425.078125, 208.402374, -10378.863281, -0.413530, 0.000000, 0.000000, CIV_PLANE
X 12114.005859, 206.881302, -10727.442383, 1.202780, 0.000000, 0.000000, CIV_PLANE
X -11761.111328, 611.099976, 4130.095215, 2.401502, 0.000000, 0.000000, CIV_PLANE
X 723.192261, 207.058273, 42.006550, 0.422203, 0.000000, 0.000000, CIV_PLANE
X -6560.532715, 1050.335205, 12014.716797, 0.879429, 0.000000, 0.000000, CIV_PLANE
X -6463.857910, 208.897079, -3094.438965, -0.863136, 0.000000, 0.000000, CIV_PLANE
X -11607.813477, 611.218933, 5201.970215, 0.639964, 0.000000, 0.000000, CIV_PLANE
X 9373.312500, 204.776825, 3567.476074, -2.517387, -0.000000, 0.000000, CIV_PLANE
X 783.651123, 207.072906, 48.111366, 2.283273, 0.000000, 0.000000, CIV_PLANE
X 775.070068, 206.990128, 78.963585, 0.645528, 0.000000, 0.000000, CIV_PLANE
X 9962.129883, 204.776825, 4109.976074, 0.620833, 0.000000, 0.000000, CIV_PLANE
X -11922.887695, 610.939148, 4043.473633, 2.456448, 0.000000, 0.000000, CIV_PLANE
X 884.924133, 298.839569, -4266.092773, 1.962158, 0.000000, 0.000000, CIV_PLANE
X 9354.512695, 204.776825, 3588.926270, -2.549598, -0.000000, 0.000000, CIV_PLANE
X 4447.161133, 208.402374, -10368.766602, -0.479502, 0.000000, 0.000000, CIV_PLANE
X 4769.192871, 208.435364, -10595.898438, 1.081107, 0.000000, 0.000000, CIV_PLANE
X -5112.606445, 405.637909, -11167.295898, -0.898121, 0.000000, 0.000000, CIV_PLANE
X 10366.276367, 200.025742, 11022.722656, -2.775306, -0.000000, 0.000000, MIL_WATER
X -15575.126953, 199.999420, 6087.824707, -1.187461, 0.000000, 0.000000, MIL_WATER
X 13477.102539, 200.128784, 8349.291992, 1.385290, 0.000000, 0.000000, MIL_WATER
X 13106.754883, 200.168228, 4852.152344, 1.542798, 0.000000, 0.000000, MIL_WATER
X -13724.755859, 200.078445, 6263.584961, 1.792343, 0.000000, 0.000000, MIL_WATER
X -534.716675, 200.047012, -3709.369141, 1.744678, 0.000000, 0.000000, MIL_WATER
X 13516.443359, 200.034744, 3352.115479, 2.688847, 0.000000, 0.000000, MIL_WATER
X 15044.176758, 200.044678, -9090.752930, 1.476265, 0.000000, 0.000000, MIL_WATER
X -4897.854980, 200.138596, -1421.514771, 1.617560, 0.000000, 0.000000, MIL_WATER
X 13464.420898, 200.080368, 8395.529297, 1.759791, 0.000000, 0.000000, MIL_WATER
X 13420.791992, 200.010330, -13505.289062, 1.485194, 0.000000, 0.000000, MIL_WATER
X -15237.786133, 200.028305, 6941.289062, -1.708522, 0.000000, 0.000000, MIL_WATER
X -10557.056641, 200.103485, 13449.495117, 1.728524, 0.000000, 0.000000, MIL_WATER
X -4898.881836, 200.110443, -1374.388428, 2.153152, 0.000000, 0.000000, MIL_WATER
X -4794.210449, 200.019333, -15331.079102, -1.711591, 0.000000, 0.000000, MIL_WATER
X -13658.996094, 200.130371, 6290.300781, 0.281727, 0.000000, 0.000000, MIL_WATER
X 13094.047852, 200.130569, 4897.145996, 1.705643, 0.000000, 0.000000, MIL_WATER
X -3397.112793, 200.086258, -4803.917969, -1.686725, 0.000000, 0.000000, MIL_WATER
X -8060.462402, 199.995193, 3218.232666, -3.125968, -0.000000, 0.000000, MIL_WATER
X -7498.604980, 200.016586, -15034.788086, -1.700779, 0.000000, 0.000000, MIL_WATER
X 15523.068359, 200.053284, -4276.790039, 1.715925, 0.000000, 0.000000, MIL_WATER
X -4479.739258, 200.008133, 11797.086914, -2.980679, -0.000000, 0.000000, MIL_WATER
X -4779.978516, 200.041885, -15376.960938, 1.483166, 0.000000, 0.000000, MIL_WATER
X -3373.819336, 200.036163, 2658.484375, 0.740345, 0.000000, 0.000000, MIL_WATER
X 13407.915039, 200.056076, -13459.597656, 1.843896, 0.000000, 0.000000, MIL_WATER
X 10092.519531, 200.211716, 10524.085938, 1.496158, 0.000000, 0.000000, MIL_WATER
X 615.697205, 1198.439209, -7089.470215, 2.964757, 0.000000, 0.000000, MIL_WATER
X -7756.758301, 200.120697, -6861.070801, 2.275095, 0.000000, 0.000000, MIL_WATER
X 10009.014648, 200.135376, -14206.913086, 1.483414, 0.000000, 0.000000, MIL_WATER
X 9833.539062, 200.087158, 14144.329102, 1.769541, 0.000000, 0.000000, MIL_WATER
X 9995.326172, 200.046188, -14160.896484, 1.740033, 0.000000, 0.000000, MIL_WATER
X 9443.724609, 200.051056, -13244.156250, 1.607948, 0.000000, 0.000000, MIL_WATER
X 1675.898193, 199.994736, 2304.566406, 0.094947, 0.000000, 0.000000, MIL_WATER
X 11606.492188, 200.025787, -5094.211426, 1.013757, 0.000000, 0.000000, MIL_WATER
X 15535.437500, 199.985352, -4324.855469, 1.374093, 0.000000, 0.000000, MIL_WATER
X -7962.822266, 200.048782, 4685.390625, 3.053891, 0.000000, 0.000000, MIL_WATER
X -15588.976562, 200.071716, 6132.685547, -1.765740, 0.000000, 0.000000, MIL_WATER
X -7485.140625, 200.008072, -15080.065430, 1.590913, 0.000000, 0.000000, MIL_WATER
X -15223.434570, 200.024948, 6895.434082, -1.334349, 0.000000, 0.000000, MIL_WATER
X -7760.925293, 200.099060, -6789.964355, -2.635867, -0.000000, 0.000000, MIL_WATER
X 15031.650391, 200.059357, -9044.316406, 1.766365, 0.000000, 0.000000, MIL_WATER
X -6794.407227, 208.980804, -3362.075439, -2.920784, -0.000000, 0.000000, CIV_PLANE_LARGE
X -6723.790039, 208.981903, -3360.956787, -2.623571, -0.000000, 0.000000, CIV_PLANE
X -6654.374512, 208.981903, -3380.185303, 3.104948, 0.000000, 0.000000, CIV_PLANE
X -6599.477539, 208.981903, -3372.764160, -3.069139, -0.000000, 0.000000, CIV_PLANE
X -6563.198242, 208.981903, -3411.692871, -1.083243, 0.000000, 0.000000, CIV_GROUND
X -6499.296875, 208.981903, -3473.346924, -1.447287, 0.000000, 0.000000, CIV_PLANE
X -6582.246094, 208.980804, -3530.946777, -1.078474, 0.000000, 0.000000, CIV_PLANE_LARGE
X -6614.900879, 208.970230, -3623.295654, -1.694452, 0.000000, 0.000000, CIV_PLANE
X -6520.065430, 208.981903, -3657.030273, -1.824575, 0.000000, 0.000000, CIV_PLANE
X -6590.321289, 208.981903, -3594.819824, -2.786882, -0.000000, 0.000000, CIV_GROUND
X -6532.386230, 208.981918, -3738.767822, -0.741687, 0.000000, 0.000000, CIV_PLANE_LARGE
X -6590.778320, 208.981918, -3782.154785, -0.083369, 0.000000, 0.000000, CIV_PLANE
X -6684.996582, 208.981506, -3748.582031, -0.786549, 0.000000, 0.000000, CIV_PLANE_LARGE
X -6615.950195, 209.009354, -3958.207275, -2.330093, -0.000000, 0.000000, CIV_PLANE
X -6579.237793, 209.009354, -3989.276855, -2.311657, -0.000000, 0.000000, CIV_PLANE
X -6411.960938, 208.953934, -3765.794189, -3.110342, -0.000000, 0.000000, CIV_GROUND
X -6318.002441, 208.977966, -3667.658691, -1.703371, 0.000000, 0.000000, CIV_GROUND
X -6124.729492, 208.467651, -3504.456299, -1.675562, 0.000000, 0.000000, CIV_GROUND
X -6586.241699, 208.980225, -3696.252197, 0.584783, 0.000000, 0.000000, CIV_GROUND
X -6746.359375, 220.136749, -3617.530029, 3.033326, 0.000000, 0.000000, CIV_GROUND
X -6778.291992, 207.987518, -3633.876465, -1.321677, 0.000000, 0.000000, CIV_GROUND
X -7252.296387, 1050.347900, 11585.987305, -2.168574, -0.000000, 0.000000, MIL_PLANE
X -7397.579102, 1122.924072, 11507.897461, -3.101756, -0.000000, 0.000000, MIL_HELI
X -11971.778320, 610.003296, 4847.370117, 1.064491, 0.000000, 0.000000, MIL_GROUND
X -11997.739258, 616.766846, 4657.718262, -0.506976, 0.000000, 0.000000, MIL_HELI
X -11942.280273, 609.749878, 4897.956543, 1.501118, 0.000000, 0.000000, MIL_GROUND
X -12039.021484, 609.795837, 4998.416504, 0.690625, 0.000000, 0.000000, MIL_GROUND
X 5987.695801, 251.000656, 6903.377930, -1.597289, 0.000000, 0.000000, CIV_PLANE
X 5988.452148, 251.000656, 6926.600586, -1.742828, 0.000000, 0.000000, CIV_PLANE
X 5938.577148, 250.016861, 6829.405762, 1.477255, 0.000000, 0.000000, CIV_GROUND
X 5839.087402, 250.028244, 6863.538086, 1.590129, 0.000000, 0.000000, CIV_GROUND
X 5871.187500, 250.200409, 7028.962891, -0.041263, 0.000000, 0.000000, MIL_GROUND
X 5896.175293, 250.200409, 6933.341797, 1.446350, 0.000000, 0.000000, CIV_GROUND
X 5789.631348, 250.025513, 6970.554199, 2.822948, 0.000000, 0.000000, CIV_GROUND
X 5598.120605, 226.897903, 7064.450195, -0.018342, 0.000000, 0.000000, CIV_GROUND
X 5873.206543, 249.963776, 7086.897461, -0.033602, 0.000000, 0.000000, CIV_GROUND
X -10346.475586, 203.140793, -2591.827148, 3.125968, 0.000000, 0.000000, CIV_GROUND
X -10266.687500, 203.141129, -2591.204590, 3.130544, 0.000000, 0.000000, CIV_GROUND
X -10154.062500, 203.147171, -2535.394287, 2.087156, 0.000000, 0.000000, CIV_GROUND
X -9886.576172, 203.117584, -2258.388184, -0.392038, 0.000000, 0.000000, CIV_GROUND
X -9611.068359, 203.141144, -2560.993164, 1.023509, 0.000000, 0.000000, CIV_GROUND
X -9631.388672, 203.141129, -2543.756836, -0.528317, 0.000000, 0.000000, CIV_GROUND
X -9450.143555, 203.141129, -2566.049561, -0.512463, 0.000000, 0.000000, CIV_GROUND
X -9398.428711, 203.141129, -2749.517334, -1.538928, 0.000000, 0.000000, CIV_GROUND
X -9456.229492, 203.147583, -2912.554932, -1.584471, 0.000000, 0.000000, CIV_GROUND
X -9457.080078, 203.147583, -2901.331299, -1.542245, 0.000000, 0.000000, CIV_GROUND
X -9514.371094, 203.141129, -3074.250488, 1.084703, 0.000000, 0.000000, CIV_GROUND
X -9497.137695, 203.141129, -3104.090088, 1.056566, 0.000000, 0.000000, CIV_GROUND
X -9514.549805, 203.170990, -3413.286133, -0.347206, 0.000000, 0.000000, CIV_GROUND
X -9497.819336, 203.189560, -3406.298340, -0.364756, 0.000000, 0.000000, CIV_GROUND
X -9821.083008, 203.153671, -3466.818359, 1.568241, 0.000000, 0.000000, CIV_GROUND
X -9820.675781, 203.153671, -3481.160156, 1.543990, 0.000000, 0.000000, CIV_GROUND
X -9849.343750, 203.141129, -3491.225586, -1.538843, 0.000000, 0.000000, CIV_GROUND
X -9854.369141, 203.141129, -3425.286133, -3.125968, -0.000000, 0.000000, CIV_GROUND
X -10255.744141, 203.268143, -3308.911621, -3.116887, -0.000000, 0.000000, CIV_GROUND
X -10286.833008, 203.281509, -3319.231445, 1.562130, 0.000000, 0.000000, CIV_GROUND
X -10685.986328, 203.272293, -3726.344238, 0.218762, 0.000000, 0.000000, CIV_GROUND
X -10693.672852, 203.141144, -3644.046631, 0.379724, 0.000000, 0.000000, CIV_GROUND
X -10956.000000, 203.141129, -3758.184082, 2.634406, 0.000000, 0.000000, CIV_GROUND
X -10913.112305, 203.141129, -3733.443359, 2.618354, 0.000000, 0.000000, CIV_GROUND
X -11062.041016, 203.097580, -3727.729248, -2.111120, -0.000000, 0.000000, CIV_GROUND
X -10991.775391, 203.139862, -3604.564941, 2.072448, 0.000000, 0.000000, CIV_GROUND
X -10990.908203, 203.140839, -3584.168945, -0.973521, 0.000000, 0.000000, CIV_GROUND
X -11049.371094, 203.141129, -3074.471436, -3.125968, -0.000000, 0.000000, CIV_GROUND
X -11119.903320, 203.272293, -3053.545410, 1.573118, 0.000000, 0.000000, CIV_GROUND
X -10717.939453, 203.271606, -2709.710938, -3.125968, -0.000000, 0.000000, CIV_GROUND
X -10702.909180, 203.271973, -2709.841797, -3.125968, -0.000000, 0.000000, CIV_GROUND
X -10688.831055, 201.160019, -2638.018311, 1.519181, 0.000000, 0.000000, CIV_WATER
X -10392.904297, 200.055511, -2513.634033, -1.367746, 0.000000, 0.000000, CIV_WATER
X -10342.604492, 203.141129, -2643.914551, 0.023042, 0.000000, 0.000000, CIV_GROUND
X -10188.990234, 200.009720, -2454.275879, -2.761811, -0.000000, 0.000000, CIV_WATER
X -9908.112305, 200.005463, -2170.397705, -1.493454, 0.000000, 0.000000, CIV_WATER
X -9663.520508, 200.141434, -2365.521240, -1.522845, 0.000000, 0.000000, CIV_WATER
X -9622.232422, 200.007462, -2412.853271, -3.036184, -0.000000, 0.000000, CIV_WATER
X -9515.750977, 203.113297, -2491.869629, 2.620363, 0.000000, 0.000000, CIV_GROUND
X -9410.539062, 200.005859, -2865.820312, -0.151484, 0.000000, 0.000000, CIV_WATER
X -9680.218750, 199.995926, -3527.544678, 0.037723, 0.000000, 0.000000, CIV_WATER
X -9840.758789, 200.000641, -3621.851562, -1.535023, 0.000000, 0.000000, CIV_WATER
X -10745.536133, 377.564880, -2844.436768, 0.025605, 0.000000, 0.000000, CIV_HELI
X -9689.083984, 203.138229, -2771.993896, 1.039858, 0.000000, 0.000000, CIV_GROUND
X -9721.563477, 203.137024, -3110.275146, -1.705875, 0.000000, 0.000000, CIV_GROUND
X -10449.130859, 200.086563, -3502.738525, 2.079177, 0.000000, 0.000000, CIV_WATER
X -10688.433594, 200.062332, -3367.860840, 2.389943, 0.000000, 0.000000, CIV_WATER
X -10923.951172, 200.061325, -2926.717285, -0.711845, 0.000000, 0.000000, CIV_WATER